           1     49.9961     49.9961           0
           2          50      49.998     0.00195
           3          50     49.9987      0.0013
           4          50      49.999    0.000975
           5          50     49.9992     0.00078
           6          50     49.9993     0.00065
           7          50     49.9994 0.000557143
           8          50     49.9995   0.0004875
           9          50     49.9996 0.000433333
          10          50     49.9996     0.00039
          11          50     49.9996 0.000354545
          12          50     49.9997    0.000325
          13          50     49.9997      0.0003
          14          50     49.9997 0.000278571
          15          50     49.9997     0.00026
          16          50     49.9998  0.00024375
          17          50     49.9998 0.000229412
          18          50     49.9998 0.000216667
          19          50     49.9998 0.000205263
          20          50     49.9998    0.000195
